1.246246683876961470e-04
-2.691810368560254574e-04
-1.520832447567954659e-04
2.244501811219379306e-04
4.376613105705473572e-06
-6.206511898199096322e-06
-1.513801689725369215e-04
-9.045765909831970930e-05
-2.560651046223938465e-04
-3.125198054476641119e-05
1.295914444199297577e-05
-5.936565685260575265e-06
-9.176966705126687884e-05
-3.630688879638910294e-04
-8.121360224322415888e-07
-1.621742412680760026e-04
2.460603427607566118e-04
2.736859096330590546e-05
-7.821859617251902819e-05
-1.205684093292802572e-04
-1.895452878670766950e-04
1.558994263177737594e-04
-2.389406290603801608e-04
-1.824354112613946199e-04
1.431107230018824339e-04
1.269874246645485982e-05
-3.617455877247266471e-05
-1.562938268762081861e-05
-2.246810036012902856e-04
-1.287810391659149900e-05
2.538734697736799717e-04
2.931960334535688162e-04
