1.646348828217014670e-04
1.821732148528099060e-04
4.923521191813051701e-05
-2.171129308408126235e-04
2.686556545086205006e-04
2.158459828933700919e-04
2.198304864577949047e-04
-3.484385961201041937e-04
1.288884523091837764e-04
1.877525646705180407e-04
3.107684315182268620e-04
-1.436852762708440423e-04
2.110741042997688055e-04
9.567380402586422861e-06
1.366991637041792274e-04
-6.446112092817202210e-05
1.434850128134712577e-04
-2.696506271604448557e-06
9.480869630351662636e-05
-5.084337681182660162e-05
-2.345709508517757058e-04
-1.082828239304944873e-04
1.004158475552685559e-04
-1.017746308207279071e-05
2.774835156742483377e-04
1.118321306421421468e-04
-2.930037589976564050e-05
-1.587395818205550313e-04
-2.426958672003820539e-04
1.732322016323450953e-05
2.438111550873145461e-04
-1.426811650162562728e-05
3.682690658024512231e-05
-2.918054233305156231e-04
1.730645453790202737e-04
-3.059752925764769316e-04
8.840782538754865527e-05
1.952313905349001288e-04
-2.008148439927026629e-04
-2.747515682131052017e-04
-1.709461939753964543e-04
2.249409590149298310e-05
-2.366094850003719330e-04
-3.295784408692270517e-04
-7.982634269865229726e-05
1.489552087150514126e-04
1.354115665890276432e-04
-1.020221898215822875e-04
1.935708423843607306e-04
1.990899036172777414e-04
-1.716419064905494452e-04
-7.779152656439691782e-05
1.143084009527228773e-04
3.755344005185179412e-05
1.226057938765734434e-04
-9.702504030428826809e-05
4.891301159659633413e-06
-7.175424252636730671e-05
-1.317663991358131170e-04
-5.357118061510846019e-05
-1.003128545562503859e-05
-1.694146340014412999e-04
2.295517624588683248e-04
3.110379620920866728e-04
